Port monitor named: Port1_h1[3.05].prt

nx        = 132
ny        = 41
nz        = 47

nu        = 7
nv        = 7
iu        = 21
iv        = 17

idir      = 1
dcut      = 5.000000e-002
icut      = 41
type      = 1
frequency = 3.050000e+009

fcutoff   = 0.000000e+000
alpha     = 0.000000e+000
beta      = 8.921474e+001
accuracy  = 1.711250e-013

type          = QTEM
wave imp.     = 2.658876e+002
wave imp.sig. = 1.161639e-010
line imp.     = 5.461979e+001

ref. port     = 0

0.000000e+000  5.889614e+000  1.178706e+001  1.509399e+001  1.178706e+001  5.889614e+000  0.000000e+000  
0.000000e+000  5.892901e+000  1.410376e+001  2.339036e+001  1.410376e+001  5.892901e+000  0.000000e+000  
0.000000e+000  3.702831e+000  1.410434e+001  0.000000e+000  1.410434e+001  3.702831e+000  0.000000e+000  
0.000000e+000  -3.702831e+000  -1.410434e+001  0.000000e+000  -1.410434e+001  -3.702831e+000  0.000000e+000  
0.000000e+000  -5.892901e+000  -1.410376e+001  -2.339036e+001  -1.410376e+001  -5.892901e+000  0.000000e+000  
0.000000e+000  -5.889614e+000  -1.178706e+001  -1.509399e+001  -1.178706e+001  -5.889614e+000  0.000000e+000  
0.000000e+000  0.000000e+000  0.000000e+000  0.000000e+000  0.000000e+000  0.000000e+000  0.000000e+000  

0.000000e+000  0.000000e+000  0.000000e+000  0.000000e+000  0.000000e+000  0.000000e+000  0.000000e+000  
-5.889614e+000  -5.892901e+000  -3.702831e+000  3.702831e+000  5.892901e+000  5.889614e+000  0.000000e+000  
-1.178706e+001  -1.410376e+001  -1.410434e+001  1.410434e+001  1.410376e+001  1.178706e+001  0.000000e+000  
-1.509399e+001  -2.339036e+001  0.000000e+000  0.000000e+000  2.339036e+001  1.509399e+001  0.000000e+000  
-1.178706e+001  -1.410376e+001  -1.410434e+001  1.410434e+001  1.410376e+001  1.178706e+001  0.000000e+000  
-5.889614e+000  -5.892901e+000  -3.702831e+000  3.702831e+000  5.892901e+000  5.889614e+000  0.000000e+000  
0.000000e+000  0.000000e+000  0.000000e+000  0.000000e+000  0.000000e+000  0.000000e+000  0.000000e+000  

0.000000e+000  0.000000e+000  0.000000e+000  0.000000e+000  0.000000e+000  0.000000e+000  0.000000e+000  
0.000000e+000  0.000000e+000  0.000000e+000  0.000000e+000  0.000000e+000  0.000000e+000  0.000000e+000  
0.000000e+000  0.000000e+000  0.000000e+000  0.000000e+000  0.000000e+000  0.000000e+000  0.000000e+000  
0.000000e+000  0.000000e+000  0.000000e+000  0.000000e+000  0.000000e+000  0.000000e+000  0.000000e+000  
0.000000e+000  0.000000e+000  0.000000e+000  0.000000e+000  0.000000e+000  0.000000e+000  0.000000e+000  
0.000000e+000  0.000000e+000  0.000000e+000  0.000000e+000  0.000000e+000  0.000000e+000  0.000000e+000  
0.000000e+000  0.000000e+000  0.000000e+000  0.000000e+000  0.000000e+000  0.000000e+000  0.000000e+000  

0.000000e+000  0.000000e+000  0.000000e+000  0.000000e+000  0.000000e+000  0.000000e+000  0.000000e+000  
0.000000e+000  0.000000e+000  0.000000e+000  0.000000e+000  0.000000e+000  0.000000e+000  0.000000e+000  
0.000000e+000  0.000000e+000  0.000000e+000  0.000000e+000  0.000000e+000  0.000000e+000  0.000000e+000  
0.000000e+000  0.000000e+000  0.000000e+000  0.000000e+000  0.000000e+000  0.000000e+000  0.000000e+000  
0.000000e+000  0.000000e+000  0.000000e+000  0.000000e+000  0.000000e+000  0.000000e+000  0.000000e+000  
0.000000e+000  0.000000e+000  0.000000e+000  0.000000e+000  0.000000e+000  0.000000e+000  0.000000e+000  
0.000000e+000  0.000000e+000  0.000000e+000  0.000000e+000  0.000000e+000  0.000000e+000  0.000000e+000  

0.000000e+000  0.000000e+000  0.000000e+000  0.000000e+000  0.000000e+000  0.000000e+000  0.000000e+000  
0.000000e+000  0.000000e+000  0.000000e+000  0.000000e+000  0.000000e+000  0.000000e+000  0.000000e+000  
0.000000e+000  0.000000e+000  0.000000e+000  0.000000e+000  0.000000e+000  0.000000e+000  0.000000e+000  
0.000000e+000  0.000000e+000  0.000000e+000  0.000000e+000  0.000000e+000  0.000000e+000  0.000000e+000  
0.000000e+000  0.000000e+000  0.000000e+000  0.000000e+000  0.000000e+000  0.000000e+000  0.000000e+000  
0.000000e+000  0.000000e+000  0.000000e+000  0.000000e+000  0.000000e+000  0.000000e+000  0.000000e+000  
0.000000e+000  0.000000e+000  0.000000e+000  0.000000e+000  0.000000e+000  0.000000e+000  0.000000e+000  

0.000000e+000  7.164716e-002  1.876568e-002  -1.876568e-002  -7.164716e-002  0.000000e+000  0.000000e+000  
-7.164716e-002  0.000000e+000  3.263995e-003  -3.263995e-003  0.000000e+000  7.164716e-002  0.000000e+000  
-1.876568e-002  -3.263995e-003  0.000000e+000  0.000000e+000  3.263995e-003  1.876568e-002  0.000000e+000  
1.876568e-002  3.263995e-003  0.000000e+000  0.000000e+000  -3.263995e-003  -1.876568e-002  0.000000e+000  
7.164716e-002  0.000000e+000  -3.263995e-003  3.263995e-003  0.000000e+000  -7.164716e-002  0.000000e+000  
0.000000e+000  -7.164716e-002  -1.876568e-002  1.876568e-002  7.164716e-002  0.000000e+000  0.000000e+000  
0.000000e+000  0.000000e+000  0.000000e+000  0.000000e+000  0.000000e+000  0.000000e+000  0.000000e+000  

